Testing overfitting the model on all the datasets
Class ratio [('ana valeije0', 10, 0.3333333333333333), ('kawasaki0', 10, 0.3333333333333333), ('tama eguchi0', 10, 0.3333333333333333)]
Train labels :(24,80.0%)
Test  labels :(6,20.0%)
Model: 1_lstm_no_dropout_500_3_labels 
		embed EmbedID ['W'] 
				 W => (108, 500)
		lstm1 
			lateral Linear ['W'] 
						 W => (2000, 500)
			upward Linear ['W', 'b'] 
						 W => (2000, 500)
						 b => (2000,)
		w Linear ['W', 'b'] 
				 W => (3, 500)
				 b => (3,)
Optimizer: ('MomentumSGD', {'momentum': 0.9, 'lr': 0.01}) 
Evaluation
epoch	training loss	test loss	test accuracy
1	1.0236086572209995	0.8734966317812601	0.8333333333333334
2	0.6607159152626991	0.5071618060270945	0.8333333333333334
3	0.3282661239306132	0.3304403821627299	0.8333333333333334
4	0.24336390445629755	0.27046509583791095	0.8333333333333334
5	0.14758356660604477	0.32514524459838867	0.8333333333333334
6	0.19651192178328833	0.3571244478225708	0.8333333333333334
7	0.17665550609429678	0.16171505053838095	1.0
8	0.06967678666114807	0.10788923501968384	1.0
9	0.04321570694446564	0.09605884552001953	1.0
10	0.02251477042833964	0.054422994454701744	1.0
11	0.012742827335993448	0.053629517555236816	1.0
12	0.01012734572092692	0.04818801085154215	1.0
13	0.008444060881932577	0.05037051439285278	1.0
14	0.007451683282852173	0.034906089305877686	1.0
15	0.005111535390218099	0.03697812557220459	1.0
16	0.004354228576024373	0.03685669104258219	1.0
17	0.003863851229349772	0.03549424807230631	1.0
18	0.0034677286942799888	0.035141189893086754	1.0
19	0.0031498968601226807	0.032722155253092446	1.0
20	0.0028465489546457925	0.0316962202390035	1.0
21	0.0026025474071502686	0.03077046076456706	1.0
22	0.0024195611476898193	0.030722777048746746	1.0
23	0.0022222300370534263	0.03003867467244466	1.0
24	0.0020662248134613037	0.029245773951212566	1.0
25	0.0019237697124481201	0.029298981030782063	1.0
26	0.0018155872821807861	0.02853890260060628	1.0
27	0.0017077227433522542	0.02797432740529378	1.0
28	0.001619895299275716	0.02803794542948405	1.0
29	0.0015249351660410564	0.027577519416809082	1.0
30	0.0014634430408477783	0.027844587961832683	1.0
31	0.0013731122016906738	0.02694535255432129	1.0
32	0.0013122161229451497	0.02699156602223714	1.0
33	0.0012566248575846355	0.0258025328318278	1.0
34	0.001198569933573405	0.025825222333272297	1.0
35	0.001146872838338216	0.025440216064453125	1.0
36	0.001099248727162679	0.025420268376668293	1.0
37	0.0010663270950317383	0.025374809900919598	1.0
38	0.0010194977124532063	0.024887720743815105	1.0
39	0.0009815692901611328	0.025192419687906902	1.0
40	0.0009514292081197103	0.024974544843037922	1.0
41	0.0009169578552246094	0.024219075838724773	1.0
42	0.0008846521377563477	0.02452997366587321	1.0
43	0.0008551478385925293	0.02409990628560384	1.0
44	0.0008290410041809082	0.02413630485534668	1.0
45	0.0008029143015543619	0.02418386936187744	1.0
46	0.0007795890172322592	0.023966073989868164	1.0
47	0.0007536808649698893	0.02369511127471924	1.0
48	0.0007369716962178549	0.02385079860687256	1.0
49	0.0007171034812927246	0.02316240469614665	1.0
50	0.0006966392199198405	0.02315199375152588	1.0
51	0.0006759762763977051	0.02321163813273112	1.0
52	0.0006592472394307455	0.022879481315612793	1.0
53	0.0006415645281473795	0.02280314763387044	1.0
54	0.0006260275840759277	0.02276790142059326	1.0
55	0.0006096363067626953	0.022937933603922527	1.0
56	0.0005974769592285156	0.02318231264750163	1.0
57	0.0005850990613301595	0.022504091262817383	1.0
58	0.0005707144737243652	0.022882541020711262	1.0
59	0.00055694580078125	0.023008028666178387	1.0
60	0.0005432566006978353	0.022555748621622723	1.0
61	0.00053177277247111	0.022318204243977863	1.0
62	0.0005207657814025879	0.022192080815633137	1.0
63	0.0005106329917907715	0.02202022075653076	1.0
64	0.0005011161168416342	0.02232658863067627	1.0
65	0.0004912416140238444	0.021869937578837078	1.0
66	0.0004806319872538249	0.022199710210164387	1.0
67	0.00047022104263305664	0.021973172823588055	1.0
68	0.0004646182060241699	0.021714528401692707	1.0
69	0.0004528959592183431	0.022070646286010742	1.0
70	0.0004452069600423177	0.021649281183878582	1.0
71	0.00043696165084838867	0.02181267738342285	1.0
72	0.00042905410130818683	0.021617571512858074	1.0
73	0.0004215240478515625	0.021913925806681316	1.0
74	0.0004139343897501628	0.02157549063364665	1.0
75	0.000406801700592041	0.02160497506459554	1.0
76	0.00040010611216227215	0.02142330010732015	1.0
77	0.0003935098648071289	0.021567026774088543	1.0
78	0.0003869334856669108	0.02150106430053711	1.0
79	0.00038063526153564453	0.021535277366638184	1.0
80	0.00037479400634765625	0.02125529448191325	1.0
81	0.00036847591400146484	0.021215399106343586	1.0
82	0.00036414464314778644	0.021112243334452312	1.0
83	0.0003578066825866699	0.021135767300923664	1.0
84	0.00035194555918375653	0.02127238114674886	1.0
85	0.000347137451171875	0.02110477288564046	1.0
86	0.0003420313199361165	0.021218617757161457	1.0
87	0.00033666690190633136	0.02126447359720866	1.0
88	0.00033209721247355145	0.02105410893758138	1.0
89	0.00032772620519002277	0.0208432674407959	1.0
90	0.00032327572504679364	0.020752469698588055	1.0
91	0.00031810998916625977	0.020928064982096355	1.0
92	0.00031379858652750653	0.020888010660807293	1.0
93	0.00030954678853352863	0.020808736483256023	1.0
94	0.0003059705098470052	0.020914435386657715	1.0
95	0.0003017584482828776	0.020816604296366375	1.0
96	0.0002976059913635254	0.020780007044474285	1.0
97	0.00029397010803222656	0.020673950513203938	1.0
98	0.00029033422470092773	0.020670572916666668	1.0
99	0.0002864996592203776	0.020588994026184082	1.0
100	0.00028284390767415363	0.02072465419769287	1.0
101	0.00027944644292195636	0.020795146624247234	1.0
102	0.00027632713317871094	0.02058251698811849	1.0
103	0.00027257204055786133	0.020590345064798992	1.0
104	0.00026992956797281903	0.020758907000223797	1.0
105	0.0002664923667907715	0.020516276359558105	1.0
106	0.0002631743748982747	0.020499110221862793	1.0
107	0.0002601146697998047	0.020439664522806805	1.0
108	0.0002572337786356608	0.020431041717529297	1.0
109	0.00025423367818196613	0.020409385363260906	1.0
110	0.00025155146916707355	0.0203475554784139	1.0
111	0.0002487500508626302	0.020305355389912922	1.0
112	0.00024640560150146484	0.02045317490895589	1.0
113	0.00024332602818806967	0.020313819249471027	1.0
114	0.0002405246098836263	0.02036734422047933	1.0
115	0.00023825963338216147	0.02030070622762044	1.0
116	0.00023581584294637045	0.02017688751220703	1.0
117	0.0002330144246419271	0.020159324010213215	1.0
118	0.0002307891845703125	0.020331819852193195	1.0
119	0.00022820631663004556	0.020354827245076496	1.0
120	0.00022588173548380533	0.020282308260599773	1.0
121	0.00022361675898234049	0.02032903830210368	1.0
122	0.00022178888320922852	0.02017390727996826	1.0
123	0.00021932522455851236	0.020354946454366047	1.0
124	0.00021696090698242188	0.02019508679707845	1.0
125	0.00021491448084513345	0.020234306653340656	1.0
126	0.00021286805470784506	0.020218610763549805	1.0
127	0.00021090110143025717	0.020254890124003094	1.0
128	0.00020871559778849283	0.02017048994700114	1.0
129	0.00020686785380045572	0.020079652468363445	1.0
130	0.00020496050516764322	0.020045757293701172	1.0
131	0.00020319223403930664	0.020015676816304524	1.0
132	0.0002011259396870931	0.02001663049062093	1.0
133	0.00019925832748413086	0.020142118136088055	1.0
134	0.0001975099245707194	0.02002084255218506	1.0
135	0.00019562244415283203	0.020062764485677082	1.0
136	0.00019399325052897135	0.02001909414927165	1.0
137	0.00019210577011108398	0.020047585169474285	1.0
138	0.00019059578577677408	0.020096460978190105	1.0
139	0.00018894672393798828	0.020073652267456055	1.0
140	0.0001871188481648763	0.02007595698038737	1.0
141	0.00018564860026041666	0.020093917846679688	1.0
142	0.0001844167709350586	0.019968032836914062	1.0
143	0.00018264849980672201	0.020029743512471516	1.0
144	0.00018097956975301108	0.02003192901611328	1.0
145	0.00017964839935302734	0.019896507263183594	1.0
146	0.00017805894215901694	0.01999485492706299	1.0
147	0.0001764098803202311	0.019990166028340656	1.0
148	0.0001751581827799479	0.01995054880777995	1.0
149	0.00017360846201578775	0.019948045412699383	1.0
150	0.00017211834589640299	0.019922057787577312	1.0
151	0.00017082691192626953	0.019908428192138672	1.0
152	0.00016987323760986328	0.019976377487182617	1.0
153	0.0001681844393412272	0.019900838534037273	1.0
154	0.00016683340072631836	0.01992499828338623	1.0
155	0.00016558170318603516	0.019844611485799152	1.0
156	0.0001642306645711263	0.019869407018025715	1.0
157	0.00016315778096516928	0.01985021432240804	1.0
158	0.00016194581985473633	0.019889235496520996	1.0
159	0.00016059478123982748	0.01986984411875407	1.0
160	0.00015952189763387045	0.019927104314168293	1.0
161	0.00015821059544881186	0.01986396312713623	1.0
162	0.00015701850255330405	0.019795854886372883	1.0
163	0.0001560648282368978	0.019934813181559246	1.0
164	0.00015505154927571615	0.019770463307698567	1.0
165	0.0001535614331563314	0.01979704697926839	1.0
166	0.00015244881312052408	0.019866029421488445	1.0
167	0.00015147527058919272	0.019862969716389973	1.0
168	0.00015030304590861002	0.0198214054107666	1.0
169	0.00014930963516235352	0.019803643226623535	1.0
170	0.00014821688334147135	0.019777417182922363	1.0
171	0.0001471837361653646	0.019755045572916668	1.0
172	0.00014623006184895834	0.019844770431518555	1.0
173	0.00014531612396240234	0.019741415977478027	1.0
174	0.00014418363571166992	0.0196837584177653	1.0
175	0.00014317035675048828	0.01979680856068929	1.0
176	0.00014223655064900717	0.0198208491007487	1.0
177	0.00014122327168782553	0.019835472106933594	1.0
178	0.00014034907023111978	0.019750316937764485	1.0
179	0.00013927618662516275	0.01973112424214681	1.0
180	0.00013848145802815756	0.01972941557566325	1.0
181	0.00013754765192667642	0.019747177759806316	1.0
182	0.00013663371404012045	0.019751787185668945	1.0
183	0.00013564030329386392	0.019699811935424805	1.0
184	0.0001348257064819336	0.01970859368642171	1.0
185	0.0001339117685953776	0.019773006439208984	1.0
186	0.00013313690821329752	0.01969595750172933	1.0
187	0.00013218323389689127	0.019744714101155598	1.0
188	0.00013146797815958658	0.019738316535949707	1.0
189	0.00013073285420735678	0.019788185755411785	1.0
190	0.00012977917989095053	0.019712328910827637	1.0
191	0.00012894471486409506	0.01972476641337077	1.0
192	0.0001281301180521647	0.019739707310994465	1.0
193	0.0001274545987447103	0.019654313723246258	1.0
194	0.0001267393430074056	0.01962880293528239	1.0
195	0.000125885009765625	0.019685228665669758	1.0
196	0.00012513001759847006	0.019690791765848797	1.0
197	0.00012449423472086588	0.01984075705210368	1.0
198	0.00012375911076863608	0.01969766616821289	1.0
199	0.00012288490931193033	0.01965828736623128	1.0
200	0.00012218952178955078	0.019693573315938313	1.0
201	0.00012139479319254558	0.01971137523651123	1.0
202	0.0001208186149597168	0.019646167755126953	1.0
203	0.00012002388636271159	0.01973613103230794	1.0
204	0.00011932849884033203	0.01964402198791504	1.0
205	0.00011857350667317708	0.019693930943806965	1.0
206	0.00011799732844034831	0.019756793975830078	1.0
207	0.00011736154556274414	0.019802212715148926	1.0
208	0.00011668602625528972	0.019681612650553387	1.0
209	0.00011593103408813477	0.019731839497884113	1.0
210	0.00011517604192097981	0.01968836784362793	1.0
211	0.00011465946833292644	0.019650975863138836	1.0
212	0.00011394421259562175	0.01968650023142497	1.0
213	0.0001133282979329427	0.01965351899464925	1.0
214	0.00011275211970011394	0.019712408383687336	1.0
215	0.00011209646860758464	0.019651095072428387	1.0
216	0.0001114805539449056	0.019667704900105793	1.0
217	0.00011080503463745117	0.019711732864379883	1.0
218	0.00011032819747924805	0.019745151201883953	1.0
219	0.00010961294174194336	0.01969762643178304	1.0
220	0.00010915597279866536	0.019660313924153645	1.0
221	0.00010854005813598633	0.019649744033813477	1.0
222	0.0001079241434733073	0.019642353057861328	1.0
223	0.00010732809702555339	0.019675374031066895	1.0
224	0.00010685125986735026	0.019614617029825848	1.0
225	0.00010623534520467122	0.019692540168762207	1.0
226	0.00010573863983154297	0.019633134206136067	1.0
227	0.00010520219802856445	0.019714832305908203	1.0
228	0.00010458628336588542	0.01971137523651123	1.0
229	0.00010408957799275716	0.019725243250528973	1.0
230	0.00010355313618977864	0.019743998845418293	1.0
231	0.000102996826171875	0.01968204975128174	1.0
232	0.000102539857228597	0.01970803737640381	1.0
233	0.00010198354721069336	0.019641558329264324	1.0
234	0.00010150671005249023	0.019665122032165527	1.0
235	0.00010093053181966145	0.019666194915771484	1.0
236	0.00010047356287638347	0.019638538360595703	1.0
237	9.999672571818034e-05	0.019722143809000652	1.0
238	9.946028391520183e-05	0.01965196927388509	1.0
239	9.892384211222331e-05	0.019680261611938477	1.0
240	9.85264778137207e-05	0.0196533203125	1.0
241	9.800990422566731e-05	0.019650061925252277	1.0
242	9.749333063761394e-05	0.019687294960021973	1.0
243	9.70760981241862e-05	0.01971248785654704	1.0
244	9.66191291809082e-05	0.019664963086446125	1.0
245	9.618202845255534e-05	0.01970795790354411	1.0
246	9.564558664957683e-05	0.019693175951639812	1.0
247	9.522835413614909e-05	0.01967171827952067	1.0
248	9.479125340779622e-05	0.01967179775238037	1.0
249	9.43144162495931e-05	0.019663373629252117	1.0
250	9.389718373616536e-05	0.019683043162027996	1.0
251	9.347995122273763e-05	0.019672751426696777	1.0
252	9.298324584960938e-05	0.019663016001383465	1.0
253	9.26057497660319e-05	0.019665638605753582	1.0
254	9.208917617797852e-05	0.019679983456929524	1.0
255	9.177128473917644e-05	0.01967783768971761	1.0
256	9.133418401082356e-05	0.019678115844726562	1.0
257	9.085734685262044e-05	0.019704381624857586	1.0
258	9.04997189839681e-05	0.019732872645060223	1.0
259	9.012222290039062e-05	0.019672751426696777	1.0
260	8.962551752726237e-05	0.019718130429585774	1.0
261	8.926788965861003e-05	0.01969023545583089	1.0
262	8.883078893025716e-05	0.019714832305908203	1.0
263	8.843342463175456e-05	0.019716779390970867	1.0
264	8.807579676310222e-05	0.019680221875508625	1.0
265	8.769830067952474e-05	0.019670963287353516	1.0
266	8.734067281087239e-05	0.019761284192403156	1.0
267	8.700291315714519e-05	0.019731958707173664	1.0
268	8.64863395690918e-05	0.019673268000284832	1.0
269	8.618831634521484e-05	0.019655227661132812	1.0
270	8.579095204671224e-05	0.019732157389322918	1.0
271	8.543332417805989e-05	0.019710461298624676	1.0
272	8.505582809448242e-05	0.019711971282958984	1.0
273	8.47776730855306e-05	0.019765615463256836	1.0
274	8.434057235717773e-05	0.019754648208618164	1.0
275	8.400281270345052e-05	0.019705971082051594	1.0
276	8.368492126464844e-05	0.019725561141967773	1.0
277	8.324782053629558e-05	0.01971896489461263	1.0
278	8.292992909749349e-05	0.019716660181681316	1.0
279	8.253256479899089e-05	0.019748330116271973	1.0
280	8.217493693033855e-05	0.01974034309387207	1.0
281	8.185704549153645e-05	0.019709269205729168	1.0
282	8.15590222676595e-05	0.019704778989156086	1.0
283	8.114178975423177e-05	0.019711097081502277	1.0
284	8.086363474527995e-05	0.01969742774963379	1.0
285	8.0565611521403e-05	0.019674817721048992	1.0
286	8.022785186767578e-05	0.019712964693705242	1.0
287	7.994969685872395e-05	0.019705851872762043	1.0
288	7.959206899007161e-05	0.01976303259531657	1.0
289	7.933378219604492e-05	0.019749999046325684	1.0
290	7.89960225423177e-05	0.01974197228749593	1.0
291	7.857879002888997e-05	0.019734740257263184	1.0
292	7.828076680501302e-05	0.01975969473520915	1.0
293	7.80026117960612e-05	0.019690950711568195	1.0
294	7.770458857218425e-05	0.019705851872762043	1.0
295	7.736682891845703e-05	0.01975862185160319	1.0
296	7.71482785542806e-05	0.01970374584197998	1.0
297	7.679065068562825e-05	0.019773085912068684	1.0
298	7.651249567667644e-05	0.019793073336283367	1.0
299	7.613499959309895e-05	0.01978333791097005	1.0
300	7.587671279907227e-05	0.01975838343302409	1.0
301	7.557868957519531e-05	0.019738157590230305	1.0
302	7.528066635131836e-05	0.019750038782755535	1.0
303	7.502237955729167e-05	0.01971908410390218	1.0
304	7.480382919311523e-05	0.01980300744374593	1.0
305	7.448593775431316e-05	0.019739349683125813	1.0
306	7.406870524088542e-05	0.01973251501719157	1.0
307	7.388989130655925e-05	0.019774476687113445	1.0
308	7.35918680826823e-05	0.019782543182373047	1.0
309	7.331371307373047e-05	0.019773364067077637	1.0
310	7.301568984985352e-05	0.01980094114939372	1.0
311	7.275740305582683e-05	0.01978151003519694	1.0
312	7.2479248046875e-05	0.01976497968037923	1.0
313	7.220109303792317e-05	0.01976009209950765	1.0
314	7.2022279103597e-05	0.019787271817525227	1.0
315	7.172425587972005e-05	0.01982279618581136	1.0
316	7.14262326558431e-05	0.019780715306599934	1.0
317	7.12275505065918e-05	0.019816239674886067	1.0
318	7.100900014241536e-05	0.019792636235555012	1.0
319	7.069110870361328e-05	0.019823392232259113	1.0
320	7.041295369466145e-05	0.019828001658121746	1.0
321	7.015466690063477e-05	0.019829829533894856	1.0
322	6.989638010660808e-05	0.019811511039733887	1.0
323	6.967782974243164e-05	0.01984095573425293	1.0
324	6.939967473347981e-05	0.01986197630564372	1.0
325	6.914138793945312e-05	0.019846518834431965	1.0
326	6.88632329305013e-05	0.019885778427124023	1.0
327	6.862481435139974e-05	0.019853671391805012	1.0
328	6.836652755737305e-05	0.019845962524414062	1.0
329	6.80685043334961e-05	0.019817034403483074	1.0
330	6.784995396931966e-05	0.019822080930074055	1.0
331	6.763140360514323e-05	0.01984993616739909	1.0
332	6.739298502604167e-05	0.01983499526977539	1.0
333	6.719430287679036e-05	0.019875764846801758	1.0
334	6.69558842976888e-05	0.01983956495920817	1.0
335	6.671746571858724e-05	0.019868771235148113	1.0
336	6.651878356933594e-05	0.01986706256866455	1.0
337	6.635983784993489e-05	0.019836147626241047	1.0
338	6.604194641113281e-05	0.01982744534810384	1.0
339	6.586313247680664e-05	0.01985033353169759	1.0
340	6.558497746785481e-05	0.01982128620147705	1.0
341	6.536642710367839e-05	0.01984592278798421	1.0
342	6.520748138427734e-05	0.019918958346048992	1.0
343	6.502866744995117e-05	0.019909381866455078	1.0
344	6.479024887084961e-05	0.01985458532969157	1.0
345	6.455183029174805e-05	0.019874016443888348	1.0
346	6.435314814249675e-05	0.019883116086324055	1.0
347	6.409486134847005e-05	0.0198744535446167	1.0
348	6.385644276936849e-05	0.019906481107076008	1.0
349	6.35981559753418e-05	0.019892215728759766	1.0
350	6.341934204101562e-05	0.019883592923482258	1.0
351	6.322065989176433e-05	0.019845128059387207	1.0
352	6.302197774251302e-05	0.019928733507792156	1.0
353	6.282329559326172e-05	0.019913474718729656	1.0
354	6.260474522908528e-05	0.0199199120203654	1.0
355	6.242593129475911e-05	0.019907236099243164	1.0
356	6.220738093058269e-05	0.01992519696553548	1.0
357	6.204843521118164e-05	0.019937554995218914	1.0
358	6.192922592163086e-05	0.019926945368448894	1.0
359	6.16312026977539e-05	0.01996723810831706	1.0
360	6.139278411865234e-05	0.019930521647135418	1.0
361	6.12338383992513e-05	0.01991140842437744	1.0
362	6.105502446492513e-05	0.019931634267171223	1.0
363	6.0896078745524086e-05	0.01991911729176839	1.0
364	6.0657660166422524e-05	0.019934892654418945	1.0
365	6.0498714447021484e-05	0.019900798797607422	1.0
366	6.026029586791992e-05	0.01992348829905192	1.0
367	6.008148193359375e-05	0.01993529001871745	1.0
368	5.990266799926758e-05	0.019950588544209797	1.0
369	5.974372227986654e-05	0.019913633664449055	1.0
370	5.942583084106445e-05	0.01994319756825765	1.0
371	5.9266885121663414e-05	0.01998921235402425	1.0
372	5.906820297241211e-05	0.01997498671213786	1.0
373	5.890925725301107e-05	0.019961436589558918	1.0
374	5.8710575103759766e-05	0.019948363304138184	1.0
375	5.8531761169433594e-05	0.019955237706502277	1.0
376	5.8372815450032554e-05	0.019973278045654297	1.0
377	5.819400151570638e-05	0.019981106122334797	1.0
378	5.7975451151529946e-05	0.02000848452250163	1.0
379	5.78761100769043e-05	0.019994735717773438	1.0
380	5.771716435750326e-05	0.019997239112854004	1.0
381	5.7478745778401695e-05	0.01996934413909912	1.0
382	5.7359536488850914e-05	0.02001011371612549	1.0
383	5.720059076944987e-05	0.019985159238179524	1.0
384	5.700190862019857e-05	0.02002557118733724	1.0
385	5.6862831115722656e-05	0.01998921235402425	1.0
386	5.672375361124674e-05	0.020006577173868816	1.0
387	5.65648078918457e-05	0.019985119501749676	1.0
388	5.638599395751953e-05	0.020002444585164387	1.0
389	5.618731180826823e-05	0.019988218943277996	1.0
390	5.6008497873942055e-05	0.020014484723409016	1.0
391	5.582968393961588e-05	0.020024657249450684	1.0
392	5.565087000528971e-05	0.020026365915934246	1.0
393	5.553166071573893e-05	0.019997398058573406	1.0
394	5.537271499633789e-05	0.02001941204071045	1.0
395	5.5174032847086586e-05	0.020036061604817707	1.0
396	5.497535069783529e-05	0.020067453384399414	1.0
397	5.487600962320963e-05	0.020080963770548504	1.0
398	5.469719568888346e-05	0.020070989926656086	1.0
399	5.451838175455729e-05	0.02005163828531901	1.0
400	5.443890889485677e-05	0.020001689592997234	1.0
401	5.418062210083008e-05	0.02004547913869222	1.0
402	5.402167638142904e-05	0.020064512888590496	1.0
403	5.392233530680338e-05	0.02003475030263265	1.0
404	5.3783257802327476e-05	0.02005592981974284	1.0
405	5.3604443868001304e-05	0.020061055819193523	1.0
406	5.352497100830078e-05	0.020032644271850586	1.0
407	5.332628885904948e-05	0.020097851753234863	1.0
408	5.318721135457357e-05	0.02009403705596924	1.0
409	5.3048133850097656e-05	0.020108381907145183	1.0
410	5.288918813069662e-05	0.02006844679514567	1.0
411	5.27501106262207e-05	0.020073453585306805	1.0
412	5.257129669189453e-05	0.020094672838846844	1.0
413	5.245208740234375e-05	0.020089070002237957	1.0
414	5.2313009897867836e-05	0.02008207639058431	1.0
415	5.217393239339193e-05	0.020068049430847168	1.0
416	5.1975250244140625e-05	0.020080169041951496	1.0
417	5.183617273966471e-05	0.020102540651957195	1.0
418	5.167722702026367e-05	0.020115772883097332	1.0
419	5.145867665608724e-05	0.020087997118632	1.0
420	5.1359335581461586e-05	0.02013274033864339	1.0
421	5.1240126291910805e-05	0.020124077796936035	1.0
422	5.1140785217285156e-05	0.020142157872517902	1.0
423	5.100170771280924e-05	0.02013687292734782	1.0
424	5.0803025563557945e-05	0.020148674647013348	1.0
425	5.0683816274007164e-05	0.020128170649210613	1.0
426	5.052487055460612e-05	0.020127256711324055	1.0
427	5.0405661265055336e-05	0.020155827204386394	1.0
428	5.032618840535482e-05	0.02015697956085205	1.0
429	5.0187110900878906e-05	0.020156145095825195	1.0
430	5.0008296966552734e-05	0.02013893922170003	1.0
431	4.9908955891927086e-05	0.02015364170074463	1.0
432	4.976987838745117e-05	0.020130475362141926	1.0
433	4.967053731282552e-05	0.020155469576517742	1.0
434	4.957119623819987e-05	0.02015109856923421	1.0
435	4.943211873372396e-05	0.020189086596171062	1.0
436	4.931290944417318e-05	0.020209511121114094	1.0
437	4.915396372477213e-05	0.020187894503275555	1.0
438	4.9014886220296226e-05	0.020218372344970703	1.0
439	4.891554514567057e-05	0.020232160886128742	1.0
440	4.875659942626953e-05	0.020225882530212402	1.0
441	4.865725835164388e-05	0.02018459637959798	1.0
442	4.847844441731771e-05	0.020210425059000652	1.0
443	4.8379103342692055e-05	0.02021511395772298	1.0
444	4.8279762268066406e-05	0.02020442485809326	1.0
445	4.8160552978515625e-05	0.02019933859507243	1.0
446	4.8001607259114586e-05	0.020219723383585613	1.0
447	4.778305689493815e-05	0.020238478978474934	1.0
448	4.772345225016276e-05	0.02025735378265381	1.0
449	4.758437474568685e-05	0.020243485768636067	1.0
450	4.750490188598633e-05	0.020234028498331707	1.0
451	4.7365824381510414e-05	0.020209749539693195	1.0
452	4.7266483306884766e-05	0.02022576332092285	1.0
453	4.7107537587483726e-05	0.02022993564605713	1.0
454	4.6988328297932945e-05	0.02022997538248698	1.0
455	4.6869119008382164e-05	0.02024992307027181	1.0
456	4.676977793375651e-05	0.02025763193766276	1.0
457	4.667043685913086e-05	0.020267327626546223	1.0
458	4.655122756958008e-05	0.020260095596313477	1.0
459	4.649162292480469e-05	0.02029550075531006	1.0
460	4.6372413635253906e-05	0.0202941099802653	1.0
461	4.6253204345703125e-05	0.020265380541483562	1.0
462	4.6094258626302086e-05	0.020319382349650066	1.0
463	4.599491755167643e-05	0.02028183142344157	1.0
464	4.587570826212565e-05	0.020291646321614582	1.0
465	4.573663075764974e-05	0.020281036694844563	1.0
466	4.5637289683024086e-05	0.02030360698699951	1.0
467	4.5518080393473305e-05	0.020296255747477215	1.0
468	4.5458475748697914e-05	0.020318905512491863	1.0
469	4.53790028889974e-05	0.020294944445292156	1.0
470	4.525979359944662e-05	0.020280003547668457	1.0
471	4.5140584309895836e-05	0.020312825838724773	1.0
472	4.506111145019531e-05	0.02030471960703532	1.0
473	4.4961770375569664e-05	0.020286719004313152	1.0
474	4.480282465616862e-05	0.020299275716145832	1.0
475	4.470348358154297e-05	0.02033054828643799	1.0
476	4.45246696472168e-05	0.02033551534016927	1.0
477	4.4405460357666016e-05	0.02031819025675456	1.0
478	4.42663828531901e-05	0.020348151524861652	1.0
479	4.414717356363932e-05	0.02035844326019287	1.0
480	4.4008096059163414e-05	0.02034143606821696	1.0
481	4.394849141438802e-05	0.02033555507659912	1.0
482	4.38690185546875e-05	0.02033551534016927	1.0
483	4.369020462036133e-05	0.020354072252909344	1.0
484	4.363059997558594e-05	0.020353198051452637	1.0
485	4.3551127115885414e-05	0.020348509152730305	1.0
486	4.3491522471110024e-05	0.02034616470336914	1.0
487	4.343191782633463e-05	0.02040584882100423	1.0
488	4.325310389200846e-05	0.020360747973124187	1.0
489	4.313389460245768e-05	0.02037358283996582	1.0
490	4.3054421742757164e-05	0.020349820454915363	1.0
491	4.297494888305664e-05	0.020358999570210774	1.0
492	4.2776266733805336e-05	0.020400524139404297	1.0
493	4.273653030395508e-05	0.02038562297821045	1.0
494	4.267692565917969e-05	0.020378907521565754	1.0
495	4.2557716369628906e-05	0.020407239596048992	1.0
496	4.245837529500326e-05	0.020389556884765625	1.0
497	4.23590342203776e-05	0.0204159418741862	1.0
498	4.2279561360677086e-05	0.020395398139953613	1.0
499	4.2219956715901695e-05	0.020416537920633953	1.0
500	4.218022028605143e-05	0.020453373591105144	1.0
