Testing overfitting the model on all the datasets
Class ratio [('ana valeije0', 10, 0.5), ('fractal0', 10, 0.5)]
Train labels :(16,80.0%)
Test  labels :(4,20.0%)
Model: 1_lstm_no_dropout_500_2_labels 
		embed EmbedID ['W'] 
				 W => (108, 500)
		lstm1 
			lateral Linear ['W'] 
						 W => (2000, 500)
			upward Linear ['W', 'b'] 
						 W => (2000, 500)
						 b => (2000,)
		w Linear ['W', 'b'] 
				 W => (2, 500)
				 b => (2,)
Optimizer: ('MomentumSGD', {'lr': 0.01, 'momentum': 0.9}) 
Evaluation
epoch	training loss	test loss	test accuracy
1	0.6484210770577192	0.3977392166852951	1.0
2	0.38691192120313644	0.1669120341539383	1.0
3	0.20263664238154888	0.0663205087184906	1.0
4	0.10232966765761375	0.029787570238113403	1.0
5	0.05974207818508148	0.018657803535461426	1.0
6	0.025251604616642	0.011024653911590576	1.0
7	0.015455640852451324	0.00764542818069458	1.0
8	0.011604554951190948	0.005770504474639893	1.0
9	0.009149394929409027	0.004727065563201904	1.0
10	0.00778796523809433	0.003993809223175049	1.0
11	0.006345614790916443	0.0033372044563293457	1.0
12	0.005510121583938599	0.0029036998748779297	1.0
13	0.004773467779159546	0.0026255249977111816	1.0
14	0.004293650388717651	0.0023488402366638184	1.0
15	0.0038983672857284546	0.0020982027053833008	1.0
16	0.0034945309162139893	0.0019245147705078125	1.0
17	0.0031959563493728638	0.0017648935317993164	1.0
18	0.0029271841049194336	0.0016325712203979492	1.0
19	0.0027008652687072754	0.001523435115814209	1.0
20	0.0025471895933151245	0.001425623893737793	1.0
21	0.0023457705974578857	0.0013409256935119629	1.0
22	0.002217411994934082	0.0012752413749694824	1.0
23	0.002079218626022339	0.0011962056159973145	1.0
24	0.001960083842277527	0.0011202692985534668	1.0
25	0.0018512308597564697	0.0010655522346496582	1.0
26	0.0017542392015457153	0.0010164976119995117	1.0
27	0.0016714930534362793	0.0009706020355224609	1.0
28	0.0015884339809417725	0.000921785831451416	1.0
29	0.0015273094177246094	0.0008919239044189453	1.0
30	0.0014416426420211792	0.000854194164276123	1.0
31	0.0013804733753204346	0.0008161664009094238	1.0
32	0.001326531171798706	0.0007814168930053711	1.0
33	0.0012669861316680908	0.0007540583610534668	1.0
34	0.0012242048978805542	0.000727236270904541	1.0
35	0.001177668571472168	0.0007027983665466309	1.0
36	0.001139029860496521	0.0006844401359558105	1.0
37	0.0010965168476104736	0.0006606578826904297	1.0
38	0.0010549426078796387	0.0006379485130310059	1.0
39	0.0010218620300292969	0.0006168484687805176	1.0
40	0.0009895116090774536	0.0005972981452941895	1.0
41	0.0009606331586837769	0.0005810260772705078	1.0
42	0.0009283870458602905	0.0005643367767333984	1.0
43	0.0009007751941680908	0.0005488395690917969	1.0
44	0.0008755773305892944	0.0005333423614501953	1.0
45	0.000851556658744812	0.0005235671997070312	1.0
46	0.0008281171321868896	0.0005055069923400879	1.0
47	0.0008021742105484009	0.0004942417144775391	1.0
48	0.0007838159799575806	0.0004843473434448242	1.0
49	0.0007633715867996216	0.0004696846008300781	1.0
50	0.0007438510656356812	0.00045865774154663086	1.0
51	0.0007278472185134888	0.00045031309127807617	1.0
52	0.000710904598236084	0.00043696165084838867	1.0
53	0.0006898343563079834	0.00042891502380371094	1.0
54	0.0006736963987350464	0.00042068958282470703	1.0
55	0.0006600618362426758	0.00041103363037109375	1.0
56	0.0006434470415115356	0.00040161609649658203	1.0
57	0.0006324052810668945	0.0003941655158996582	1.0
58	0.0006161928176879883	0.0003854036331176758	1.0
59	0.0006027370691299438	0.0003784298896789551	1.0
60	0.000590592622756958	0.0003711581230163574	1.0
61	0.0005793869495391846	0.000363767147064209	1.0
62	0.0005671381950378418	0.0003571510314941406	1.0
63	0.00055675208568573	0.0003504753112792969	1.0
64	0.0005448758602142334	0.000344693660736084	1.0
65	0.0005359798669815063	0.00033968687057495117	1.0
66	0.0005252659320831299	0.0003325343132019043	1.0
67	0.0005151033401489258	0.00032770633697509766	1.0
68	0.0005065798759460449	0.00032204389572143555	1.0
69	0.000497281551361084	0.0003158450126647949	1.0
70	0.000487402081489563	0.00031071901321411133	1.0
71	0.0004786849021911621	0.0003064870834350586	1.0
72	0.0004727393388748169	0.00030159950256347656	1.0
73	0.0004643946886062622	0.00029724836349487305	1.0
74	0.0004559457302093506	0.00029224157333374023	1.0
75	0.000448569655418396	0.00028699636459350586	1.0
76	0.00044098496437072754	0.0002830028533935547	1.0
77	0.0004347562789916992	0.00027805566787719727	1.0
78	0.00042694807052612305	0.00027424097061157227	1.0
79	0.0004211515188217163	0.00027054548263549805	1.0
80	0.0004149824380874634	0.00026786327362060547	1.0
81	0.0004084557294845581	0.0002636909484863281	1.0
82	0.00040124356746673584	0.0002598762512207031	1.0
83	0.00039730966091156006	0.00025707483291625977	1.0
84	0.00039102137088775635	0.000253140926361084	1.0
85	0.0003845691680908203	0.0002499222755432129	1.0
86	0.0003793686628341675	0.00024628639221191406	1.0
87	0.0003737509250640869	0.00024330615997314453	1.0
88	0.00036856532096862793	0.0002397298812866211	1.0
89	0.00036394596099853516	0.00023686885833740234	1.0
90	0.0003582686185836792	0.00023418664932250977	1.0
91	0.0003539472818374634	0.00023102760314941406	1.0
92	0.00034987926483154297	0.0002289414405822754	1.0
93	0.0003448575735092163	0.00022518634796142578	1.0
94	0.0003410130739212036	0.00022208690643310547	1.0
95	0.00033582746982574463	0.00021952390670776367	1.0
96	0.0003321021795272827	0.00021713972091674805	1.0
97	0.00032761693000793457	0.0002148747444152832	1.0
98	0.0003233999013900757	0.00021249055862426758	1.0
99	0.00031936168670654297	0.00021058320999145508	1.0
100	0.0003158748149871826	0.00020778179168701172	1.0
101	0.0003123283386230469	0.00020563602447509766	1.0
102	0.0003082752227783203	0.00020313262939453125	1.0
103	0.00030493736267089844	0.00020205974578857422	1.0
104	0.00030146539211273193	0.0001996159553527832	1.0
105	0.0002976655960083008	0.00019752979278564453	1.0
106	0.0002947002649307251	0.00019478797912597656	1.0
107	0.00029112398624420166	0.00019311904907226562	1.0
108	0.0002875030040740967	0.00019121170043945312	1.0
109	0.000284537672996521	0.00018894672393798828	1.0
110	0.000281408429145813	0.00018715858459472656	1.0
111	0.0002785325050354004	0.0001850128173828125	1.0
112	0.00027558207511901855	0.00018310546875	1.0
113	0.0002728700637817383	0.00018155574798583984	1.0
114	0.00026960670948028564	0.0001798868179321289	1.0
115	0.0002666860818862915	0.00017786026000976562	1.0
116	0.000264093279838562	0.0001760721206665039	1.0
117	0.0002614259719848633	0.00017452239990234375	1.0
118	0.00025907158851623535	0.00017309188842773438	1.0
119	0.00025594234466552734	0.00017154216766357422	1.0
120	0.0002538710832595825	0.00017011165618896484	1.0
121	0.00025115907192230225	0.00016796588897705078	1.0
122	0.00024944543838500977	0.0001671314239501953	1.0
123	0.00024637579917907715	0.00016498565673828125	1.0
124	0.0002438873052597046	0.00016367435455322266	1.0
125	0.00024116039276123047	0.00016236305236816406	1.0
126	0.0002390742301940918	0.0001609325408935547	1.0
127	0.00023700296878814697	0.00015985965728759766	1.0
128	0.00023515522480010986	0.00015807151794433594	1.0
129	0.00023281574249267578	0.00015676021575927734	1.0
130	0.0002303868532180786	0.00015556812286376953	1.0
131	0.00022858381271362305	0.0001537799835205078	1.0
132	0.0002266913652420044	0.00015282630920410156	1.0
133	0.00022421777248382568	0.00015175342559814453	1.0
134	0.00022232532501220703	0.0001506805419921875	1.0
135	0.00022019445896148682	0.00014925003051757812	1.0
136	0.00021816790103912354	0.00014781951904296875	1.0
137	0.0002164095640182495	0.00014674663543701172	1.0
138	0.00021480023860931396	0.0001455545425415039	1.0
139	0.00021286308765411377	0.00014460086822509766	1.0
140	0.00021085143089294434	0.00014328956604003906	1.0
141	0.00020913779735565186	0.00014221668243408203	1.0
142	0.0002075880765914917	0.000141143798828125	1.0
143	0.0002056807279586792	0.00014019012451171875	1.0
144	0.00020398199558258057	0.00013911724090576172	1.0
145	0.00020238757133483887	0.00013816356658935547	1.0
146	0.00020070374011993408	0.00013685226440429688	1.0
147	0.00019887089729309082	0.0001360177993774414	1.0
148	0.00019744038581848145	0.0001347064971923828	1.0
149	0.00019612908363342285	0.00013399124145507812	1.0
150	0.0001942664384841919	0.00013303756713867188	1.0
151	0.00019279122352600098	0.00013184547424316406	1.0
152	0.00019134581089019775	0.0001310110092163086	1.0
153	0.00019006431102752686	0.00013017654418945312	1.0
154	0.00018838047981262207	0.00012934207916259766	1.0
155	0.00018678605556488037	0.0001283884048461914	1.0
156	0.00018580257892608643	0.00012695789337158203	1.0
157	0.00018408894538879395	0.00012636184692382812	1.0
158	0.0001827031373977661	0.00012552738189697266	1.0
159	0.0001814514398574829	0.00012481212615966797	1.0
160	0.00018005073070526123	0.00012385845184326172	1.0
161	0.00017881393432617188	0.00012302398681640625	1.0
162	0.00017736852169036865	0.00012218952178955078	1.0
163	0.00017608702182769775	0.0001214742660522461	1.0
164	0.00017492473125457764	0.00012063980102539062	1.0
165	0.00017347931861877441	0.00011980533599853516	1.0
166	0.00017227232456207275	0.00011897087097167969	1.0
167	0.00017127394676208496	0.00011837482452392578	1.0
168	0.00016993284225463867	0.00011754035949707031	1.0
169	0.0001688748598098755	0.00011682510375976562	1.0
170	0.0001675933599472046	0.0001157522201538086	1.0
171	0.00016643106937408447	0.00011491775512695312	1.0
172	0.0001653730869293213	0.00011444091796875	1.0
173	0.00016410648822784424	0.00011348724365234375	1.0
174	0.0001634657382965088	0.00011324882507324219	1.0
175	0.0001618415117263794	0.00011229515075683594	1.0
176	0.0001609325408935547	0.00011157989501953125	1.0
177	0.00015977025032043457	0.00011086463928222656	1.0
178	0.00015886127948760986	0.00011038780212402344	1.0
179	0.0001576840877532959	0.00010979175567626953	1.0
180	0.00015673041343688965	0.0001093149185180664	1.0
181	0.00015559792518615723	0.00010848045349121094	1.0
182	0.00015458464622497559	0.00010776519775390625	1.0
183	0.0001535862684249878	0.00010704994201660156	1.0
184	0.0001526474952697754	0.00010645389556884766	1.0
185	0.00015166401863098145	0.00010585784912109375	1.0
186	0.00015076994895935059	0.00010514259338378906	1.0
187	0.00014983117580413818	0.00010466575622558594	1.0
188	0.00014886260032653809	0.00010383129119873047	1.0
189	0.0001480579376220703	0.00010347366333007812	1.0
190	0.00014695525169372559	0.00010275840759277344	1.0
191	0.00014616549015045166	0.0001024007797241211	1.0
192	0.00014516711235046387	0.00010156631469726562	1.0
193	0.00014425814151763916	0.0001010894775390625	1.0
194	0.00014360249042510986	0.0001004934310913086	1.0
195	0.0001424849033355713	9.989738464355469e-05	1.0
196	0.00014163553714752197	9.930133819580078e-05	1.0
197	0.00014092028141021729	9.870529174804688e-05	1.0
198	0.00014007091522216797	9.822845458984375e-05	1.0
199	0.00013913214206695557	9.763240814208984e-05	1.0
200	0.00013838708400726318	9.72747802734375e-05	1.0
201	0.00013752281665802002	9.66787338256836e-05	1.0
202	0.00013680756092071533	9.608268737792969e-05	1.0
203	0.00013594329357147217	9.572505950927734e-05	1.0
204	0.00013515353202819824	9.512901306152344e-05	1.0
205	0.00013455748558044434	9.47713851928711e-05	1.0
206	0.00013360381126403809	9.40561294555664e-05	1.0
207	0.00013296306133270264	9.369850158691406e-05	1.0
208	0.00013208389282226562	9.334087371826172e-05	1.0
209	0.00013147294521331787	9.274482727050781e-05	1.0
210	0.00013077259063720703	9.238719940185547e-05	1.0
211	0.00012992322444915771	9.179115295410156e-05	1.0
212	0.00012922286987304688	9.119510650634766e-05	1.0
213	0.00012858211994171143	9.083747863769531e-05	1.0
214	0.00012791156768798828	9.02414321899414e-05	1.0
215	0.00012728571891784668	9.012222290039062e-05	1.0
216	0.00012646615505218506	8.96453857421875e-05	1.0
217	0.00012576580047607422	8.893013000488281e-05	1.0
218	0.00012502074241638184	8.845329284667969e-05	1.0
219	0.00012439489364624023	8.809566497802734e-05	1.0
220	0.0001237243413925171	8.761882781982422e-05	1.0
221	0.0001230984926223755	8.738040924072266e-05	1.0
222	0.0001223832368850708	8.678436279296875e-05	1.0
223	0.00012187659740447998	8.654594421386719e-05	1.0
224	0.00012123584747314453	8.594989776611328e-05	1.0
225	0.00012060999870300293	8.571147918701172e-05	1.0
226	0.00011990964412689209	8.52346420288086e-05	1.0
227	0.00011929869651794434	8.487701416015625e-05	1.0
228	0.0001185685396194458	8.440017700195312e-05	1.0
229	0.00011816620826721191	8.416175842285156e-05	1.0
230	0.00011754035949707031	8.356571197509766e-05	1.0
231	0.00011684000492095947	8.33272933959961e-05	1.0
232	0.00011628866195678711	8.273124694824219e-05	1.0
233	0.0001156926155090332	8.249282836914062e-05	1.0
234	0.00011517107486724854	8.213520050048828e-05	1.0
